99999999999999999999999999888888888888888812345678901234567801
99999999999999999999999999888888888888888812345678901234567801
99999999999999999999999999888888888888888812345678901234567801
25
25
26
12
12
12
13
13
14
90
90
90
113
113
114
0
0
0
1
1
2
99999999999999999999999999888888888888888812345678901234567789766
99999999999999999999999999888888888888888812345678901234567789766
99999999999999999999999999888888888888888812345678901234567789766
1
1
2
99999999999999999999999999888888888888888812345678901234567793496
99999999999999999999999999888888888888888812345678901234567793496
99999999999999999999999999888888888888888812345678901234567793496
7461
7461
7462
193
193
193
387
387
388
